%YAML:1.0

#--------------------------------------------------------------------------------------------
# Camera Parameters.
#--------------------------------------------------------------------------------------------

# Camera calibration and distortion parameters (OpenCV) 
Camera.fx: 412.9724506435859
Camera.fy: 412.9724506435859
Camera.cx: 365.85333251953125
Camera.cy: 262.6952705383301

Camera.k1: 0.0
Camera.k2: 0.0
Camera.p1: 0.0
Camera.p2: 0.0

Camera.width: 640
Camera.height: 480

# Camera frames per second 
Camera.fps: 30.0

# stereo baseline times fx
Camera.bf: 47.90639384423901

# Color order of the images (0: BGR, 1: RGB. It is ignored if images are grayscale)
Camera.RGB: 1

#--------------------------------------------------------------------------------------------
# Stereo Rectification. Only if you need to pre-rectify the images.
# Camera.fx, .fy, etc must be the same as in LEFT.P
#--------------------------------------------------------------------------------------------
LEFT.height: 480
LEFT.width: 640
LEFT.D: !!opencv-matrix
   rows: 1
   cols: 5
   dt: d
   data:[-0.3884792550761029, 0.1289946971766085, -0.0028288028658827527, 0.0010142197413851787, 0.0]
LEFT.K: !!opencv-matrix
   rows: 3
   cols: 3
   dt: d
   data: [430.63811330657745, 0.0, 349.84295134456386, 0.0, 430.3688920870553, 260.76695233268435, 0.0, 0.0, 1.0]
LEFT.R:  !!opencv-matrix
   rows: 3
   cols: 3
   dt: d
   data: [0.9997371186154784, 0.003225945586425265, -0.022699932543827864, -0.0032663876223093117, 0.9999931432734168, -0.0017447401103017528, 0.022694148459938668, 0.0018184282292943359, 0.9997408008801347]
LEFT.P:  !!opencv-matrix
   rows: 3
   cols: 4
   dt: d
   data: [412.9724506435859, 0.0, 365.85333251953125, 0.0, 0.0, 412.9724506435859, 262.6952705383301, 0.0, 0.0, 0.0, 1.0, 0.0]

RIGHT.height: 480
RIGHT.width: 640
RIGHT.D: !!opencv-matrix
   rows: 1
   cols: 5
   dt: d
   data:[-0.3773013989375272, 0.11782845543446117, -0.0014923898436771813, 0.0028497179940070445, 0.0]
RIGHT.K: !!opencv-matrix
   rows: 3
   cols: 3
   dt: d
   data: [431.7625899180745, 0.0, 334.0404498617151, 0.0, 431.8733894282905, 275.8673053045057, 0.0, 0.0, 1.0]
RIGHT.R:  !!opencv-matrix
   rows: 3
   cols: 3
   dt: d
   data: [0.9982464565197614, 0.005975131769522682, -0.05889235812970105, -0.005870147658700256, 0.999980858533456, 0.0019554879588773617, 0.05890291514182621, -0.0016063520875259922, 0.9982624235243786]
RIGHT.P:  !!opencv-matrix
   rows: 3
   cols: 4
   dt: d
   data: [412.9724506435859, 0.0, 365.85333251953125, -245.92987402764265, 0.0, 412.9724506435859, 262.6952705383301, 0.0, 0.0, 0.0, 1.0, 0.0]

